1
100
PLEV		100001	0	44	3	2	-1
OOGM		100002	1	23	2	-1	-1
NQSZ		100003	0	11	0	4	3
OVEH		100004	1	53	0	-1	-1
DHKWON	100005	0	52	0	1	3
MUBD		100006	1	5	0	4	1
TLVC		100007	1	71	2	1	-1
YIDX		100008	1	22	3	-1	-1
GIRW		100009	1	7	4	1	-1
UEQZ		100010	0	40	3	-1	-1
GZXXPKL	100011	0	86	0	-1	-1
UAPED		100012	0	8	3	4	-1
CKHR		100013	1	17	3	5	-1
CCHI		100014	0	2	0	1	3
COTD		100015	1	86	0	-1	-1
IXTTYZG	100016	1	34	5	0	3
VAWDPL	100017	1	62	0	1	4
VGZXZX	100018	0	92	0	3	4
HPRA		100019	1	61	1	3	-1
MVEA		100020	1	42	5	1	-1
MKPGBVO	100021	0	78	0	-1	-1
ESWO		100022	0	66	0	3	2
SSDHXB	100023	0	93	3	4	-1
NGFS		100024	0	85	1	5	-1
JZTR		100025	0	40	0	5	-1
MTVFJ		100026	1	93	0	-1	-1
LIYS		100027	0	99	0	1	2
SVNW		100028	1	18	0	-1	-1
TUVG		100029	1	39	5	-1	-1
DRBVDYZ	100030	1	35	3	1	-1
LBVPO		100031	1	80	3	1	-1
CNTE		100032	0	76	0	2	-1
PJIA		100033	0	84	4	1	-1
QHOG		100034	0	88	4	2	0
FPCWY		100035	1	8	0	-1	-1
GZFBZZM	100036	1	46	0	1	-1
EXHS		100037	0	7	3	-1	-1
HSAI		100038	0	81	3	5	-1
YIJB		100039	0	84	3	-1	-1
HORX		100040	1	54	5	-1	-1
PAAY		100041	0	46	0	1	3
JXNA		100042	1	52	0	1	5
MJRDQXF	100043	0	31	4	1	-1
KXSP		100044	1	55	3	0	2
GHWCN		100045	0	74	1	-1	-1
DRJG		100046	1	51	3	0	-1
SDQF		100047	1	92	4	-1	-1
GPCEV		100048	1	36	1	5	2
UKUL		100049	0	64	1	0	-1
TWKZ		100050	0	34	0	1	-1
LHTILK	100051	1	53	0	3	-1
TDWF		100052	0	12	3	2	5
BZSLJ		100053	0	84	1	-1	-1
BPPBOR	100054	0	81	0	4	2
BWWH		100055	1	49	0	-1	-1
MUKMZ		100056	0	94	5	4	-1
YXSA		100057	1	76	5	1	4
SFDRPN	100058	1	45	0	1	2
YYCO		100059	0	3	0	4	-1
IWBNME	100060	1	45	1	0	-1
CPWY		100061	0	74	0	4	-1
GCZW		100062	0	46	5	0	2
FUXJ		100063	0	42	1	-1	-1
MHHQ		100064	1	39	4	-1	-1
RSZH		100065	1	17	0	2	5
MRNB		100066	0	12	1	3	-1
EEXU		100067	0	78	0	2	-1
DLOQZB	100068	0	82	0	-1	-1
DEPX		100069	1	95	0	5	1
SWIJLY	100070	0	96	0	5	-1
JTXCQJH	100071	1	70	4	5	2
IZDD		100072	0	89	0	1	-1
CGZPSH	100073	0	85	0	2	1
XEOJHA	100074	1	42	4	0	-1
BVMJE		100075	1	29	1	2	-1
RMTB		100076	1	94	1	4	2
GECS		100077	0	75	2	-1	-1
VHOQCQV	100078	1	54	1	0	-1
EAHSN		100079	1	23	4	-1	-1
ANLO		100080	0	92	2	1	0
XUHRHU	100081	0	29	0	1	-1
CLXRPNK	100082	0	79	0	-1	-1
WLGLMI	100083	0	56	4	1	-1
XTNEWML	100084	1	97	4	-1	-1
RTQJ		100085	1	98	5	4	2
IMTZ		100086	0	88	0	-1	-1
PIDL		100087	0	41	0	3	2
EWMVL		100088	0	35	1	0	2
COGHXOX	100089	0	58	0	-1	-1
VMZT		100090	1	73	2	-1	-1
YJDD		100091	1	6	0	-1	-1
RGDY		100092	0	20	1	5	2
XDJD		100093	0	75	0	-1	-1
RJIV		100094	0	33	4	1	2
WCTG		100095	1	20	3	1	-1
WIKP		100096	0	97	1	5	-1
NYBY		100097	0	36	1	-1	-1
VJCY		100098	0	21	0	1	-1
VSMOG		100099	0	58	0	-1	-1
PUXT		100100	1	41	0	-1	-1
