2
150
TKVSJK	100261	1	12	0	-1	-1
YQLU		100262	1	82	2	0	3
UGQZFR	100263	1	56	1	-1	-1
ARLS		100264	0	3	1	3	-1
LOYF		100265	0	50	4	1	2
CRMV		100266	1	26	0	1	-1
ZCZDCSE	100267	1	73	5	4	-1
KCTG		100268	0	1	2	1	-1
SOFZ		100269	0	52	0	1	-1
UDGD		100270	1	58	0	-1	-1
DZZR		100271	0	56	1	2	5
XMFQ		100272	1	10	0	1	2
VEHYZJE	100273	1	45	0	2	3
ZKKX		100274	0	88	2	4	1
YYGKKK	100275	0	29	0	4	-1
HHWJ		100276	1	67	2	0	4
JBQVUWW	100277	0	53	0	2	-1
IHHFA		100278	0	3	0	2	-1
NETK		100279	0	37	3	-1	-1
JPZA		100280	1	2	0	3	-1
KYRQ		100281	1	58	0	1	-1
BPKJ		100282	1	37	4	3	-1
GQJYOF	100283	0	76	5	1	2
RKXBBE	100284	1	76	0	-1	-1
CTZOCDV	100285	1	91	1	2	-1
EKYO		100286	1	76	0	-1	-1
YUYBDT	100287	0	75	0	5	-1
BLIU		100288	0	33	2	1	-1
FPLYK		100289	0	56	0	2	4
DLLKI		100290	1	85	1	0	-1
LMJF		100291	1	9	3	1	-1
GPXN		100292	0	95	0	-1	-1
VAMX		100293	1	34	0	1	-1
FRJEGVW	100294	1	73	0	1	2
JUDN		100295	0	84	1	4	2
LCRW		100296	1	1	4	1	2
EPDW		100297	1	6	0	5	-1
JHFXDEV	100298	1	0	1	0	-1
BKOT		100299	1	96	1	0	-1
ZTGM		100300	1	20	0	5	2
GZIA		100301	0	51	0	1	-1
JBSJR		100302	1	73	4	1	2
EHSC		100303	0	60	2	-1	-1
DXQJ		100304	0	92	0	1	-1
MBLU		100305	1	54	0	1	-1
XKDN		100306	0	89	5	1	0
VLWSPH	100307	0	66	0	3	1
PHSK		100308	1	86	3	5	-1
JBOMCPK	100309	0	47	3	1	2
QIDR		100310	0	97	5	3	2
VROP		100311	1	56	0	-1	-1
GUDTHCW	100312	0	34	0	2	4
KFIQ		100313	0	69	5	1	2
FUHO		100314	1	65	0	-1	-1
FGKY		100315	1	17	1	0	-1
JNHR		100316	1	88	1	0	-1
XZAQVA	100317	1	27	0	1	5
JWHGU		100318	0	84	2	-1	-1
NDKJ		100319	1	74	2	-1	-1
JFKLIQ	100320	0	44	1	4	5
YAYG		100321	1	66	2	3	0
KIKRZAL	100322	1	83	3	1	5
NZOZVXQ	100323	1	54	3	-1	-1
BDWQ		100324	1	30	0	-1	-1
HMDV		100325	1	56	3	0	2
UZNYU		100326	1	93	4	5	0
HHQF		100327	0	12	4	-1	-1
MGSK		100328	1	35	0	-1	-1
TTFS		100329	0	87	5	1	-1
AHYJMK	100330	0	80	0	4	-1
MLVE		100331	1	15	5	-1	-1
WLNJ		100332	0	62	0	5	-1
ICTO		100333	0	98	4	2	-1
UTJT		100334	1	26	0	1	-1
EHVRFJ	100335	1	47	2	-1	-1
ZBILZ		100336	1	14	5	1	4
NKFG		100337	0	12	1	-1	-1
RBBW		100338	0	31	5	1	-1
TIWJ		100339	0	66	0	-1	-1
NIYQ		100340	1	95	1	0	-1
UOVF		100341	0	98	0	1	-1
GSQKP		100342	1	51	0	-1	-1
UQBS		100343	1	76	1	-1	-1
ZHAQFOK	100344	0	68	3	-1	-1
CQIM		100345	0	63	1	0	-1
XGJM		100346	1	16	4	-1	-1
HMNK		100347	0	74	2	1	0
IAYF		100348	1	38	1	-1	-1
UNKL		100349	1	44	3	0	-1
ZACHT		100350	1	83	0	1	5
CGNRZMJ	100351	1	55	0	5	3
VXRRT		100352	0	75	5	-1	-1
GKBZ		100353	1	44	0	1	3
OFVA		100354	1	52	2	-1	-1
UKYTWAF	100355	0	54	2	-1	-1
EOHFIJ	100356	1	62	1	0	-1
UWXQ		100357	0	42	1	-1	-1
OXNEDG	100358	1	34	0	1	-1
RAKE		100359	0	45	0	-1	-1
XAVEK		100360	1	61	2	-1	-1
HICD		100361	1	98	0	-1	-1
ZWYGP		100362	1	75	2	1	-1
VVWD		100363	0	13	0	3	4
GCICIDR	100364	0	20	1	0	3
MOQLLY	100365	1	60	0	1	5
VREG		100366	0	47	0	1	5
XFFQBBT	100367	0	24	0	-1	-1
MYOPIIV	100368	0	20	1	-1	-1
ACQDZ		100369	1	17	1	4	-1
GRJNPNW	100370	1	93	0	1	4
VEPNQX	100371	0	8	0	1	2
JHZT		100372	0	32	2	1	-1
IAYI		100373	1	9	4	-1	-1
QDHAYPI	100374	1	100	5	-1	-1
CGCQZA	100375	1	40	3	4	-1
BKUQTZM	100376	1	61	0	1	-1
WDBXHD	100377	1	79	0	2	-1
ZLANTW	100378	1	79	0	5	-1
EUDG		100379	1	2	0	-1	-1
SJST		100380	0	26	0	-1	-1
KCMWTV	100381	0	23	3	-1	-1
SDJR		100382	1	40	2	1	3
HUZX		100383	1	75	4	5	0
IAINKYQ	100384	1	43	3	1	2
ORFZV		100385	0	61	0	-1	-1
LMIZGS	100386	1	80	4	3	-1
UWHZ		100387	1	97	1	4	-1
LRRS		100388	0	29	0	1	-1
PROGWRC	100389	1	84	0	2	1
DUNW		100390	1	68	2	-1	-1
TWOOZN	100391	1	95	3	4	2
SPNB		100392	1	93	4	1	2
GLPK		100393	1	75	4	1	0
WKOCMMY	100394	0	89	0	2	1
BQNQIMS	100395	1	74	4	1	-1
UIII		100396	0	19	1	3	2
MUBQ		100397	1	90	4	5	1
XIZU		100398	0	23	0	-1	-1
VXFV		100399	0	26	0	3	-1
OHLO		100400	0	62	0	-1	-1
NVUX		100401	1	19	0	5	2
EQNG		100402	1	53	3	-1	-1
GCUF		100403	0	63	2	-1	-1
EJDL		100404	0	21	0	2	1
NPIY		100405	1	43	4	1	-1
YKYTWGE	100406	1	97	2	5	-1
WJRF		100407	0	65	3	-1	-1
EXJH		100408	1	72	2	-1	-1
SDXF		100409	1	61	5	1	2
TKMIB		100410	0	75	4	1	-1
