3
148
UPMH		100411	0	25	0	-1	-1
MESE		100412	0	22	0	-1	-1
EWYF		100413	1	73	1	3	2
KMNYBWC	100414	1	88	3	-1	-1
ECSM		100415	1	97	3	-1	-1
KASC		100416	1	6	1	0	-1
JZCB		100417	0	42	3	2	-1
KCHX		100418	0	20	0	4	2
WRKR		100419	1	9	1	5	0
RULQ		100420	1	35	2	5	0
BQBD		100421	1	67	1	4	2
BIAMRPQ	100422	0	56	0	-1	-1
YXFP		100423	0	78	0	-1	-1
BHIW		100424	0	79	3	4	0
WUSK		100425	0	87	5	0	1
YVUL		100426	1	6	2	-1	-1
BLUF		100427	0	25	4	1	0
SBJH		100428	0	35	1	0	-1
XEBM		100429	1	72	2	1	-1
JXKCZ		100430	0	43	2	1	0
PELX		100431	1	81	1	2	5
WIZD		100432	1	100	0	-1	-1
EFMERFE	100433	0	13	4	-1	-1
UFHZ		100434	1	56	2	1	-1
HXAGZAS	100435	0	4	0	1	-1
TFOH		100436	1	60	0	4	2
OXXO		100437	1	16	0	5	-1
HGMX		100438	0	85	0	5	2
LGLUWSM	100439	0	10	4	0	-1
BWDG		100440	1	19	0	4	-1
FGFW		100441	0	99	0	-1	-1
LVCL		100442	1	76	1	2	0
FZRAKH	100443	0	2	0	1	5
KQTLH		100444	0	81	0	4	2
PMJEP		100445	0	15	5	3	-1
NVIT		100446	0	90	2	-1	-1
BDPVL		100447	0	0	0	-1	-1
JYSVQ		100448	0	85	3	4	-1
GHOMD		100449	0	64	0	3	-1
JZHJ		100450	1	63	0	1	2
SGSG		100451	0	75	2	-1	-1
LVWX		100452	0	95	0	1	4
SGHCTS	100453	0	29	1	-1	-1
LBXY		100454	1	90	2	-1	-1
DSZWXI	100455	0	41	5	0	2
SRXNBVC	100456	0	4	4	1	-1
MKWT		100457	1	77	2	5	0
XQMK		100458	0	64	0	5	-1
QZOEPBY	100459	0	19	1	5	-1
WMVW		100460	0	85	0	1	2
YXVXZIF	100461	0	13	1	-1	-1
HZWHJKM	100462	1	0	0	-1	-1
HVKP		100463	0	48	0	5	2
DYGX		100464	0	71	3	2	-1
KOWJRB	100465	0	32	5	-1	-1
SDTI		100466	1	42	2	-1	-1
AUZE		100467	1	73	0	1	-1
HIFQK		100468	1	20	4	1	2
TGCG		100469	1	60	0	3	-1
XTSV		100470	0	80	2	1	-1
TEXN		100471	1	58	4	-1	-1
NONO		100472	0	32	0	1	4
VLVXLGA	100473	0	85	2	1	3
WVSY		100474	0	1	4	5	-1
KJUF		100475	0	11	4	2	3
PPRD		100476	0	37	1	-1	-1
FSGC		100477	0	34	0	3	-1
MEXK		100478	0	87	5	-1	-1
XPBE		100479	1	62	2	1	4
KZPJ		100480	0	63	0	-1	-1
NYHRSA	100481	1	0	0	-1	-1
XRBC		100482	1	34	0	3	-1
CBFS		100483	1	41	1	0	-1
NLCBSRL	100484	1	78	3	0	-1
LJTI		100485	0	89	3	-1	-1
ZKTM		100486	1	51	0	3	4
XTGTZ		100487	1	17	0	-1	-1
TPFB		100488	0	38	3	1	-1
GJAT		100489	1	78	1	4	2
RILW		100490	0	25	3	1	-1
NIOV		100491	0	60	0	2	1
VDRM		100492	0	81	5	-1	-1
XQWR		100493	1	58	5	3	4
DJWO		100494	0	81	5	1	-1
OCKS		100495	1	75	2	-1	-1
WDIE		100496	1	83	5	1	-1
LTRO		100497	0	46	0	5	2
CNKF		100498	1	5	3	-1	-1
YCAY		100499	0	27	4	-1	-1
QZYZ		100500	0	96	5	3	2
XIWP		100501	0	18	1	-1	-1
BALW		100502	0	84	0	-1	-1
DJJVW		100503	1	31	3	-1	-1
LIDILFU	100504	1	47	0	-1	-1
YBXGXOH	100505	1	22	5	1	4
JBHYCKI	100506	1	99	4	0	1
JUGVSPO	100507	0	98	4	1	2
GMFX		100508	0	44	0	4	1
KEPA		100509	0	11	2	5	1
ZQXX		100510	1	56	0	-1	-1
AKKB		100511	0	37	3	0	5
IEKTRES	100512	0	59	4	1	0
WYMZ		100513	0	56	0	-1	-1
GFHDBE	100514	0	47	0	3	2
AAETD		100515	1	22	0	-1	-1
CAKE		100516	1	66	0	-1	-1
GWEU		100517	1	62	0	1	-1
MSXQ		100518	0	11	3	-1	-1
HUPURK	100519	1	100	1	4	-1
ABDIIEH	100520	1	81	1	0	3
XHXUGQ	100521	0	8	4	0	-1
TDWY		100522	0	10	2	1	3
ZREH		100523	0	80	0	3	-1
KJYRXW	100524	1	51	0	2	1
DZMJHOE	100525	0	78	0	1	-1
UVAH		100526	1	66	0	3	-1
WVXN		100527	0	84	3	1	-1
SHUL		100528	1	29	0	-1	-1
VKQEGUU	100529	1	92	0	-1	-1
FPJL		100530	1	19	3	-1	-1
PBHH		100531	0	62	3	0	5
CXKATCZ	100532	1	42	0	1	-1
NSWQ		100533	1	83	0	1	4
YBEEUAA	100534	0	95	3	-1	-1
TSMM		100535	0	58	0	5	-1
QKGYELR	100536	1	62	5	3	-1
GUZG		100537	0	48	0	-1	-1
KRATPRC	100538	1	59	3	-1	-1
OKWYJ		100539	1	69	1	0	-1
BDGM		100540	1	10	2	4	0
YLRK		100541	1	56	4	5	3
GRBF		100542	0	52	4	1	5
NHTXWRB	100543	0	47	4	0	-1
HKEZ		100544	1	47	0	5	2
SRFY		100545	1	63	2	1	4
JUHX		100546	0	6	0	-1	-1
FQZGGT	100547	1	92	0	1	2
RYDB		100548	0	37	2	-1	-1
BTYD		100549	1	56	0	-1	-1
ZMIG		100550	0	8	0	-1	-1
ZEOY		100551	0	30	0	1	-1
RFNDJUN	100552	0	14	4	-1	-1
BRUPWU	100553	1	30	0	2	-1
WURI		100554	0	66	0	1	5
BOVE		100555	0	24	2	1	-1
HWED		100556	0	47	4	3	-1
EJEFB		100557	1	10	4	-1	-1
EOPSYC	100558	0	25	5	1	0
