0
160
DKZER		100101	0	93	4	1	-1
ZGYHDM	100102	1	98	0	2	5
UAOW		100103	0	97	3	1	-1
FQSV		100104	0	6	0	1	2
GVBM		100105	1	30	0	-1	-1
TODV		100106	1	51	0	4	2
NBNXNBV	100107	0	70	3	-1	-1
DPDK		100108	0	29	0	-1	-1
HSSA		100109	0	93	0	4	2
HXXKGKO	100110	0	64	4	3	-1
SSZMST	100111	1	95	0	1	-1
QEYLKE	100112	1	23	0	1	-1
DZCK		100113	0	86	0	-1	-1
JDBOK		100114	0	42	2	-1	-1
OQOCA		100115	1	30	1	0	-1
ZUTOCQJ	100116	0	85	5	-1	-1
BWYV		100117	0	37	0	-1	-1
YTFKFG	100118	0	32	0	2	4
TTHY		100119	1	34	4	-1	-1
KYKWL		100120	0	0	4	1	2
HEBD		100121	1	98	5	-1	-1
OZPE		100122	1	53	5	1	-1
VUZP		100123	0	1	5	-1	-1
LULGMZ	100124	1	62	2	0	-1
TUNC		100125	0	95	0	2	-1
SBQZY		100126	0	67	3	-1	-1
FPQJF		100127	1	28	5	0	2
MDYWWL	100128	0	99	5	1	-1
ZFHH		100129	0	3	3	1	-1
QWGS		100130	1	73	5	-1	-1
YZEK		100131	0	84	0	3	1
IVUCOL	100132	0	32	0	1	-1
LNRD		100133	0	45	4	3	1
ZPQHFZX	100134	1	67	1	0	4
JEDTBLN	100135	1	79	0	4	2
UOVQP		100136	1	12	2	3	-1
XFPNJU	100137	1	24	5	1	4
FKEEMQ	100138	0	100	0	-1	-1
OHKZBCT	100139	1	91	2	3	0
AMKR		100140	1	61	4	-1	-1
ZPWNYH	100141	1	23	4	0	-1
AYLC		100142	1	99	0	4	-1
MPUN		100143	0	0	2	0	-1
DGGI		100144	1	56	0	2	1
GMEICQG	100145	0	64	0	1	-1
HEQROX	100146	0	81	4	5	2
OXIESY	100147	1	94	2	3	-1
WZGRHU	100148	0	98	0	-1	-1
LVDW		100149	0	22	4	1	-1
EUPPZ		100150	0	85	5	1	0
DKSA		100151	0	57	0	-1	-1
QZVW		100152	0	52	5	-1	-1
IPCI		100153	0	100	4	1	5
YLDB		100154	0	18	2	-1	-1
HARZGQV	100155	0	58	1	0	5
HJWQ		100156	1	85	1	2	-1
SDCDKF	100157	1	15	5	4	2
XFYMQBI	100158	0	71	4	0	-1
CYBHF		100159	0	62	3	-1	-1
GRIZY		100160	0	97	1	-1	-1
HPBE		100161	0	47	2	-1	-1
XNQX		100162	0	55	0	3	-1
NISV		100163	1	78	5	-1	-1
VXULMMW	100164	0	82	4	3	-1
TQNMG		100165	1	97	0	1	3
QHDY		100166	1	74	0	-1	-1
SXXS		100167	0	30	1	4	2
XRVWC		100168	0	19	0	-1	-1
FNRX		100169	1	37	0	-1	-1
SDNW		100170	1	52	0	1	3
CENSOYK	100171	0	45	0	-1	-1
EZITF		100172	0	75	4	5	-1
XFPJIG	100173	0	99	2	5	-1
MHHW		100174	0	23	0	2	-1
PSZU		100175	0	4	5	4	2
IOHV		100176	0	79	2	3	1
AWMVD		100177	1	97	0	-1	-1
NJBK		100178	0	39	0	-1	-1
MJHB		100179	1	81	1	-1	-1
RQBI		100180	0	6	5	1	3
USLG		100181	1	17	2	-1	-1
TWIK		100182	0	64	0	-1	-1
VPLVUC	100183	0	25	1	0	-1
YHTG		100184	1	61	2	1	-1
SIXF		100185	1	40	0	3	-1
WKFW		100186	0	100	1	4	-1
HZJQZ		100187	0	50	1	2	0
MGWV		100188	1	45	0	1	2
FBVV		100189	1	46	3	-1	-1
LOJT		100190	0	25	5	4	2
UVCSAVB	100191	1	35	3	2	0
TWIEYDS	100192	0	88	0	-1	-1
HKWH		100193	0	56	0	2	5
IQMK		100194	1	18	0	1	4
EISL		100195	0	48	4	5	-1
AHWM		100196	0	13	4	1	-1
FXADK		100197	0	91	0	-1	-1
FDLQH		100198	1	18	3	2	-1
VNRBROO	100199	1	14	5	-1	-1
RRDW		100200	1	48	0	-1	-1
ALST		100201	1	38	0	-1	-1
BANMM		100202	0	45	1	3	-1
SNWHBKS	100203	1	70	0	3	2
MHXS		100204	1	15	0	5	-1
ANDHV		100205	0	14	0	5	-1
JTVPVEM	100206	0	41	0	-1	-1
FBGX		100207	1	84	4	2	1
PGYA		100208	1	31	4	0	-1
ADJEZKI	100209	1	30	0	5	-1
AWHK		100210	1	3	0	1	-1
HVUC		100211	1	2	2	1	3
DUVV		100212	1	77	3	-1	-1
CGNAFC	100213	0	60	5	3	2
MQJNA		100214	1	8	5	1	-1
DSZA		100215	1	75	4	1	-1
OSFSCN	100216	0	89	3	1	-1
OEVG		100217	0	27	4	1	-1
IIET		100218	1	97	3	1	2
OXAY		100219	1	62	0	5	3
TFYP		100220	0	22	4	3	0
PINA		100221	0	31	0	3	5
XANI		100222	0	49	4	1	-1
TWYK		100223	1	50	4	-1	-1
GBGL		100224	1	2	0	1	2
CPWO		100225	1	92	0	1	2
GHBF		100226	1	18	3	-1	-1
GOTS		100227	0	94	5	1	4
AIVJ		100228	1	22	3	2	-1
TKAA		100229	0	2	1	-1	-1
EGYJLGE	100230	1	5	4	1	2
IPJF		100231	1	4	1	3	5
FRXBS		100232	0	99	0	-1	-1
PVQG		100233	0	46	0	1	5
MXIZNQ	100234	1	23	0	-1	-1
ULTWPKO	100235	1	1	4	1	2
MPUQ		100236	0	45	0	-1	-1
ETHV		100237	0	89	3	1	2
HGNQ		100238	0	48	3	1	5
QCDVZ		100239	1	62	3	-1	-1
JRJL		100240	0	25	3	-1	-1
SQYQXZ	100241	0	41	3	1	0
FEKO		100242	0	59	1	-1	-1
YARW		100243	0	79	5	-1	-1
KRLM		100244	1	86	0	1	-1
SKXR		100245	1	7	1	4	0
AYNVH		100246	0	88	1	2	-1
ZCKPQKD	100247	1	94	0	5	2
QGHL		100248	0	56	4	-1	-1
QKLQ		100249	0	88	0	3	4
OKXZ		100250	1	12	0	4	2
KCZDBXU	100251	0	56	2	-1	-1
OPAUDC	100252	1	0	0	1	-1
HTWKQBT	100253	1	6	0	3	1
GJTS		100254	1	67	0	-1	-1
OGQNDX	100255	0	20	0	-1	-1
QZEZOP	100256	1	49	5	4	-1
TKLP		100257	1	4	0	5	-1
ZKIXL		100258	1	30	3	-1	-1
CNSL		100259	0	64	0	-1	-1
IIHJ		100260	0	16	1	-1	-1
